0 0
1 0
2 0
3 0
4 0
5 0
6 0
7 0
8 0
9 0
10 0
11 0
12 0
13 0
14 0
15 0
16 0
17 0
18 0
19 0
20 0
21 0
22 0
23 0
24 0
25 0
26 0
27 0
28 0
29 0
30 0
31 0
32 0
33 0
34 0
35 0
36 0
37 0
38 0
39 0
40 0
41 0
42 0
43 0
44 0
45 0
46 0
47 0
48 1 0 0.3905 1075 272 1143 370
49 1 0 0.7252 1063 280 1157 358
50 2 0 0.5681 1087 249 1143 389 1 0.7661 449 285 525 368
51 1 1 0.6623 1045 262 1176 310
52 1 0 0.9439 1053 255 1180 310
53 2 0 0.3901 1047 257 1190 308 1 0.3566 1047 257 1190 308
54 4 0 0.9569 1079 246 1171 320 0 0.5885 327 250 416 379 1 0.7495 1086 235 1188 325 1 0.3167 327 250 416 379
55 3 0 0.9618 1083 226 1202 317 0 0.7336 299 236 379 359 0 0.3655 1118 224 1171 302
56 1 0 0.9904 1113 194 1181 305
57 1 0 0.9952 1111 193 1204 298
58 1 0 0.9997 1119 171 1224 297
59 0
60 1 0 0.9994 1142 126 1250 250
61 0
62 0
63 0
64 0
65 0
66 0
67 0
68 0
69 0
70 0
71 0
72 0
73 0
74 0
75 0
76 0
77 0
78 0
79 0
80 0
81 0
82 0
83 0
84 0
85 0
86 0
87 0
88 0
89 0
90 0
91 0
92 0
93 0
94 0
95 0
96 0
97 0
98 0
99 0
100 0
101 0
102 0
