0 0
1 0
2 0
3 0
4 0
5 0
6 0
7 0
8 0
9 0
10 0
11 0
12 0
13 0
14 0
15 0
16 0
17 0
18 0
19 0
20 0
21 0
22 0
23 0
24 0
25 0
26 0
27 0
28 0
29 0
30 0
31 0
32 0
33 0
34 0
35 0
36 0
37 0
38 0
39 0
40 0
41 0
42 0
43 0
44 0
45 0
46 0
47 0
48 0
49 0
50 0
51 0
52 0
53 0
54 0
55 0
56 0
57 0
58 0
59 0
60 0
61 0
62 0
63 0
64 0
65 0
66 0
67 0
68 0
69 0
70 0
71 0
72 0
73 0
74 0
75 0
76 0
77 0
78 0
79 0
80 0
81 0
82 0
83 0
84 0
85 0
86 0
87 0
88 0
89 0
90 0
91 0
92 0
93 0
94 0
95 0
96 0
97 0
98 0
99 0
100 0
101 0
102 0
103 0
104 0
105 0
106 0
107 0
108 0
109 0
110 0
111 0
112 0
113 0
114 0
115 0
116 0
117 0
118 0
119 0
120 0
121 0
122 0
123 0
124 0
125 0
126 0
127 0
128 0
129 0
130 0
131 0
132 0
133 0
134 0
135 0
136 0
137 0
138 0
139 0
140 0
141 0
142 0
143 0
144 0
145 0
146 0
147 0
148 0
149 0
150 0
151 0
152 0
153 0
154 1 0 0.693 1070 312 1149 407
155 0
156 0
157 0
158 1 0 0.4851 1074 313 1144 401
159 1 0 0.7113 1075 313 1147 402
160 1 0 0.7411 1065 322 1154 392
161 1 0 0.8079 1073 316 1151 397
162 0
163 0
164 0
165 1 0 0.5742 1082 310 1143 402
166 0
167 0
168 1 0 0.3827 1083 301 1147 411
169 1 0 0.9832 1090 304 1141 408
170 1 0 0.9964 1091 303 1148 409
171 1 0 0.9636 1087 298 1154 415
172 1 0 0.8198 1085 309 1166 404
173 1 0 0.5273 1088 316 1160 395
174 1 0 0.9872 1084 322 1160 389
175 1 0 0.9862 1081 309 1166 404
176 1 0 0.9507 1072 321 1174 391
177 1 0 0.9828 1083 304 1172 408
178 1 0 0.9964 1098 291 1168 423
179 1 0 0.9907 1081 295 1171 419
180 1 0 0.9732 1096 286 1171 428
181 1 0 0.9463 1091 292 1174 420
182 1 0 0.9927 1092 299 1176 414
183 1 0 0.8311 1100 296 1170 417
184 1 0 0.7413 1109 301 1165 411
185 1 0 0.9083 1110 290 1166 421
186 1 0 0.9116 1116 296 1165 415
187 1 0 0.9342 1118 296 1166 415
188 1 0 0.9585 1117 293 1164 419
189 1 0 0.9135 1120 278 1166 436
190 0
191 0
192 0
193 0
194 0
195 0
196 1 0 0.3626 1125 277 1212 398
197 1 0 0.5946 1105 296 1189 403
198 0
199 1 0 0.7831 1110 300 1181 407
200 1 0 0.9448 1111 312 1182 393
201 1 0 0.9203 1117 272 1179 428
202 1 0 0.9977 1110 269 1185 408
203 1 0 0.989 1117 261 1186 437
204 1 0 0.996 1118 275 1202 417
205 1 0 0.9986 1117 278 1187 401
206 1 0 0.9992 1119 260 1193 419
207 1 0 0.9969 1114 245 1200 414
208 1 0 0.9991 1136 265 1198 416
209 1 0 0.9997 1147 248 1210 425
210 1 0 0.9994 1156 269 1204 402
211 1 0 0.9984 1153 250 1208 415
212 1 0 0.9987 1157 243 1205 422
213 1 0 0.9992 1159 249 1204 397
214 1 0 0.997 1166 252 1197 397
215 1 0 0.9975 1156 282 1207 375
216 1 0 0.9997 1155 283 1210 377
217 1 0 0.9998 1157 272 1207 393
218 1 0 0.9995 1154 267 1212 380
219 1 0 0.9997 1157 267 1213 374
220 1 0 1.0 1150 250 1222 389
221 1 0 0.9999 1154 250 1224 391
222 1 0 0.9994 1164 261 1221 377
223 1 0 0.9996 1151 258 1241 380
224 1 0 0.994 1138 262 1245 376
225 1 0 0.9347 1137 272 1249 364
226 1 0 0.6496 1161 272 1243 363
227 0
228 1 0 0.9097 1160 252 1254 382
229 1 0 0.8411 1179 262 1239 371
230 1 0 0.5804 1163 258 1266 358
231 1 0 0.6404 1189 249 1246 366
232 1 0 0.9568 1172 269 1265 354
233 1 0 0.9955 1162 284 1276 345
234 1 0 0.9996 1166 246 1272 372
235 1 0 0.9994 1188 238 1255 366
236 1 0 0.9999 1185 222 1270 372
237 1 0 0.9984 1177 217 1272 379
238 1 0 0.9997 1206 228 1281 352
239 1 0 0.9749 1223 205 1270 364
240 1 0 0.9643 1226 226 1276 351
241 1 0 0.397 1236 206 1264 359
242 1 0 0.4688 1214 221 1301 344
243 1 0 0.6811 1214 230 1304 334
244 1 0 0.8353 1205 230 1321 334
245 0
246 1 0 0.3492 1232 231 1305 331
247 1 0 0.8685 1251 242 1315 319
248 1 0 0.9855 1262 239 1318 319
249 1 0 0.6693 1267 241 1314 313
250 0
251 1 0 0.6053 1245 227 1340 322
252 1 0 0.9929 1246 199 1355 350
253 0
254 1 0 0.3977 1295 165 1348 336
255 0
256 0
257 0
258 1 0 0.309 1283 171 1390 313
259 0
260 1 0 0.7004 1342 168 1384 293
261 0
262 0
263 0
264 0
265 0
266 0
267 0
268 0
269 0
270 0
271 0
272 1 0 0.4076 1386 -12 1605 300
273 1 0 0.3269 1418 -33 1616 292
274 0
275 0
276 1 0 0.786 1528 44 1581 169
277 0
278 0
279 0
280 1 0 0.3514 1488 -71 1792 210
281 1 1 0.8064 1473 -132 1821 264
282 0
283 0
284 0
285 0
286 0
287 0
288 0
289 0
290 0
291 0
292 0
293 0
294 0
295 0
296 0
297 0
298 0
299 0
300 0
301 0
302 0
303 0
304 0
305 0
306 0
307 0
308 0
309 0
310 0
311 0
312 0
313 0
314 0
315 0
316 0
317 0
318 0
319 0
320 0
321 0
322 0
