0 1 0 1 710 372 710 372
1 0
2 0
3 0
4 0
5 0
6 0
7 0
8 0
9 0
10 0
11 0
12 0
13 0
14 0
15 0
16 0
17 0
18 0
19 0
20 0
21 0
22 0
23 0
24 0
25 0
26 0
27 0
28 0
29 0
30 0
31 0
32 0
33 0
34 0
35 0
36 0
37 0
38 0
39 0
40 0
41 0
42 0
43 0
44 0
45 0
46 0
47 1 0 1 1082 293 1121 353
48 1 0 1 1085 285 1123 347
49 1 0 1 1087 279 1129 343
50 1 0 1 1093 271 1135 337
51 1 0 1 1096 263 1141 334
52 1 0 1 1101 255 1147 327
53 1 0 1 1106 243 1156 322
54 1 0 1 1111 232 1165 311
55 1 0 1 1117 220 1172 304
56 1 0 1 1123 206 1184 295
57 1 0 1 1130 191 1195 286
58 1 0 1 1139 174 1208 271
59 1 0 1 1150 154 1222 260
60 1 0 1 1162 131 1239 247
61 1 0 1 1178 104 1259 231
62 1 0 1 1194 73 1282 212
63 1 0 1 1213 37 1310 194
64 1 0 1 1238 1 1345 162
65 0
66 0
67 0
68 0
69 0
70 0
71 0
72 0
73 0
74 0
75 0
76 0
77 0
78 0
79 0
80 0
81 0
82 0
83 0
84 0
85 0
86 0
87 0
88 0
89 0
90 0
91 0
92 0
93 0
94 0
95 0
96 0
97 0
98 0
99 0
100 0
101 0
102 0
