0 1 0 1 476 444 476 444
1 0
2 0
3 0
4 0
5 0
6 0
7 0
8 0
9 0
10 0
11 0
12 0
13 0
14 0
15 0
16 0
17 0
18 0
19 0
20 0
21 0
22 0
23 0
24 0
25 0
26 0
27 0
28 0
29 0
30 0
31 0
32 0
33 0
34 0
35 0
36 0
37 0
38 0
39 0
40 0
41 0
42 0
43 0
44 0
45 0
46 0
47 0
48 0
49 0
50 0
51 0
52 0
53 0
54 0
55 0
56 0
57 0
58 0
59 0
60 0
61 0
62 0
63 0
64 0
65 0
66 0
67 0
68 0
69 0
70 0
71 0
72 0
73 0
74 0
75 0
76 0
77 0
78 0
79 0
80 0
81 0
82 0
83 0
84 0
85 0
86 0
87 0
88 0
89 0
90 0
91 0
92 0
93 0
94 0
95 0
96 0
97 0
98 0
99 0
100 0
101 0
102 0
103 0
104 0
105 0
106 0
107 0
108 0
109 0
110 0
111 0
112 0
113 0
114 0
115 0
116 0
117 0
118 0
119 0
120 0
121 0
122 0
123 0
124 0
125 0
126 0
127 0
128 0
129 0
130 0
131 0
132 0
133 0
134 0
135 0
136 0
137 0
138 0
139 0
140 0
141 0
142 0
143 0
144 0
145 0
146 0
147 0
148 0
149 0
150 1 0 1 1085 337 1128 412
151 1 0 1 1085 336 1128 413
152 1 0 1 1086 334 1128 411
153 1 0 1 1087 333 1131 411
154 1 0 1 1088 333 1131 410
155 1 0 1 1087 334 1132 410
156 1 0 1 1089 334 1130 410
157 1 0 1 1089 333 1132 410
158 1 0 1 1089 332 1133 410
159 1 0 1 1089 330 1134 408
160 1 0 1 1094 332 1133 409
161 1 0 1 1091 329 1135 406
162 1 0 1 1092 329 1135 407
163 1 0 1 1094 329 1137 411
164 1 0 1 1092 326 1140 411
165 1 0 1 1094 327 1141 410
166 1 0 1 1094 328 1141 408
167 1 0 1 1095 325 1142 407
168 1 0 1 1095 323 1143 408
169 1 0 1 1096 324 1146 408
170 1 0 1 1098 323 1144 407
171 1 0 1 1097 322 1145 407
172 1 0 1 1098 322 1146 406
173 1 0 1 1097 320 1147 405
174 1 0 1 1100 321 1148 404
175 1 0 1 1099 321 1149 404
176 1 0 1 1099 318 1151 404
177 1 0 1 1103 318 1152 404
178 1 0 1 1103 317 1151 402
179 1 0 1 1104 316 1153 403
180 1 0 1 1104 316 1155 403
181 1 0 1 1105 315 1157 404
182 1 0 1 1106 314 1157 403
183 1 0 1 1107 311 1158 403
184 1 0 1 1108 312 1160 404
185 1 0 1 1108 311 1161 403
186 1 0 1 1109 310 1163 400
187 1 0 1 1109 310 1164 403
188 1 0 1 1109 308 1165 399
189 1 0 1 1112 309 1165 401
190 1 0 1 1112 308 1166 398
191 1 0 1 1115 305 1168 399
192 1 0 1 1116 306 1170 401
193 1 0 1 1117 305 1173 398
194 1 0 1 1117 299 1174 400
195 1 0 1 1120 300 1173 398
196 1 0 1 1121 297 1174 397
197 1 0 1 1122 296 1176 393
198 1 0 1 1124 294 1177 394
199 1 0 1 1125 294 1180 395
200 1 0 1 1127 293 1182 396
201 1 0 1 1129 290 1181 393
202 1 0 1 1129 291 1184 393
203 1 0 1 1130 287 1187 397
204 1 0 1 1133 287 1188 394
205 1 0 1 1134 286 1190 396
206 1 0 1 1134 286 1193 390
207 1 0 1 1134 283 1196 391
208 1 0 1 1136 285 1196 392
209 1 0 1 1138 281 1200 392
210 1 0 1 1140 278 1201 390
211 1 0 1 1141 280 1203 391
212 1 0 1 1143 275 1205 389
213 1 0 1 1143 273 1209 389
214 1 0 1 1144 271 1209 388
215 1 0 1 1147 271 1212 386
216 1 0 1 1149 267 1213 385
217 1 0 1 1151 266 1217 384
218 1 0 1 1153 263 1218 384
219 1 0 1 1155 261 1224 385
220 1 0 1 1157 263 1224 382
221 1 0 1 1158 259 1225 382
222 1 0 1 1160 256 1229 380
223 1 0 1 1162 255 1230 381
224 1 0 1 1163 249 1233 380
225 1 0 1 1164 249 1236 380
226 1 0 1 1167 247 1239 379
227 1 0 1 1170 247 1238 378
228 1 0 1 1171 243 1247 375
229 1 0 1 1173 243 1248 374
230 1 0 1 1176 237 1253 372
231 1 0 1 1177 237 1254 373
232 1 0 1 1181 231 1259 371
233 1 0 1 1184 231 1261 370
234 1 0 1 1187 227 1266 370
235 1 0 1 1189 224 1269 368
236 1 0 1 1192 225 1275 369
237 1 0 1 1194 221 1278 366
238 1 0 1 1198 217 1281 364
239 1 0 1 1201 214 1286 366
240 1 0 1 1203 211 1291 365
241 1 0 1 1208 205 1294 361
242 1 0 1 1211 201 1297 361
243 1 0 1 1214 198 1304 361
244 1 0 1 1218 195 1308 358
245 1 0 1 1221 193 1312 358
246 1 0 1 1225 185 1317 356
247 1 0 1 1228 182 1322 354
248 1 0 1 1232 181 1328 350
249 1 0 1 1236 176 1334 351
250 1 0 1 1241 169 1340 347
251 1 0 1 1244 164 1346 347
252 1 0 1 1251 160 1353 346
253 1 0 1 1254 157 1360 344
254 1 0 1 1261 152 1364 342
255 1 0 1 1266 145 1372 341
256 1 0 1 1271 141 1380 338
257 1 0 1 1277 135 1387 333
258 1 0 1 1282 128 1396 334
259 1 0 1 1290 124 1404 331
260 1 0 1 1297 119 1412 334
261 1 0 1 1305 109 1422 328
262 1 0 1 1309 102 1432 324
263 1 0 1 1316 98 1441 322
264 1 0 1 1325 87 1452 319
265 1 0 1 1335 82 1461 317
266 1 0 1 1341 71 1475 311
267 1 0 1 1352 65 1484 311
268 1 0 1 1363 57 1499 306
269 1 0 1 1373 46 1512 304
270 1 0 1 1383 34 1526 299
271 1 0 1 1394 25 1539 293
272 1 0 1 1406 13 1552 287
273 1 0 1 1417 6 1572 284
274 1 0 1 1430 0 1594 282
275 1 0 1 1447 1 1607 276
276 1 0 1 1463 0 1630 266
277 1 0 1 1477 1 1650 264
278 1 0 1 1495 1 1673 260
279 1 0 1 1515 1 1698 249
280 1 0 1 1533 2 1722 246
281 0
282 0
283 0
284 0
285 0
286 0
287 0
288 0
289 0
290 0
291 0
292 0
293 0
294 0
295 0
296 0
297 0
298 0
299 0
300 0
301 0
302 0
303 0
304 0
305 0
306 0
307 0
308 0
309 0
310 0
311 0
312 0
313 0
314 0
315 0
316 0
317 0
318 0
319 0
320 0
321 0
322 0
