0 0
1 0
2 0
3 0
4 0
5 0
6 0
7 0
8 0
9 0
10 0
11 0
12 0
13 0
14 0
15 0
16 0
17 0
18 0
19 0
20 0
21 0
22 0
23 0
24 0
25 0
26 0
27 0
28 0
29 0
30 0
31 0
32 0
33 0
34 0
35 0
36 0
37 0
38 0
39 0
40 0
41 0
42 0
43 0
44 0
45 0
46 0
47 1 0 1 1053 316 1085 365
48 1 0 1 1057 312 1089 364
49 1 0 1 1060 308 1091 360
50 1 0 1 1061 302 1096 355
51 1 0 1 1065 297 1101 353
52 1 0 1 1067 290 1105 349
53 1 0 1 1073 285 1110 343
54 1 0 1 1076 277 1117 341
55 1 0 1 1081 272 1120 337
56 1 0 1 1084 264 1129 331
57 1 0 1 1089 256 1134 325
58 1 0 1 1094 248 1142 320
59 1 0 1 1101 238 1151 319
60 1 0 1 1109 230 1161 310
61 1 0 1 1115 219 1167 302
62 1 0 1 1122 205 1179 293
63 1 0 1 1131 191 1192 286
64 1 0 1 1141 175 1206 276
65 1 0 1 1154 159 1222 263
66 1 0 1 1166 139 1239 249
67 1 0 1 1181 115 1259 235
68 1 0 1 1199 87 1281 220
69 1 0 1 1221 55 1309 198
70 1 0 1 1247 17 1343 177
71 1 0 1 1274 0 1384 144
72 0
73 0
74 0
75 0
76 0
77 0
78 0
79 0
80 0
81 0
82 0
83 0
84 0
85 0
86 0
87 0
88 0
89 0
90 0
91 0
92 0
93 0
94 0
95 0
96 0
97 0
98 0
99 0
100 0
101 0
102 0
103 0
104 0
