0 0
1 0
2 0
3 0
4 0
5 0
6 0
7 0
8 0
9 0
10 0
11 0
12 0
13 0
14 0
15 0
16 0
17 0
18 0
19 0
20 0
21 0
22 0
23 0
24 0
25 0
26 0
27 0
28 0
29 0
30 0
31 0
32 0
33 0
34 0
35 0
36 0
37 0
38 0
39 0
40 0
41 0
42 0
43 0
44 0
45 0
46 0
47 0
48 0
49 0
50 0
51 0
52 0
53 0
54 0
55 0
56 0
57 0
58 0
59 0
60 0
61 0
62 0
63 0
64 0
65 0
66 0
67 0
68 0
69 0
70 0
71 0
72 0
73 0
74 0
75 0
76 0
77 0
78 0
79 0
80 0
81 0
82 0
83 0
84 0
85 0
86 0
87 0
88 0
89 0
90 0
91 0
92 0
93 0
94 0
95 0
96 0
97 0
98 0
99 0
100 0
101 0
102 0
103 0
104 0
105 0
106 0
107 0
108 0
109 0
110 0
111 0
112 0
113 0
114 0
115 0
116 0
117 0
118 0
119 0
120 0
121 0
122 0
123 0
124 0
125 0
126 0
127 0
128 0
129 0
130 0
131 0
132 0
133 0
134 0
135 0
136 0
137 0
138 0
139 0
140 0
141 0
142 0
143 0
144 0
145 0
146 0
147 0
148 0
149 0
150 0
151 0
152 0
153 0
154 0
155 0
156 0
157 0
158 0
159 0
160 0
161 1 0 0.8253 1011 298 1151 348
162 1 0 0.6839 1022 292 1139 347
163 2 0 0.8879 1049 292 1130 347 1 0.6959 422 292 487 379
164 2 0 0.9373 1039 287 1147 351 0 0.8976 414 283 485 371
165 3 0 0.68 1050 280 1144 357 0 0.4386 393 281 455 377 1 0.6345 393 281 455 377
166 1 0 0.9745 1042 267 1164 365
167 1 0 0.7746 1046 272 1169 345
168 2 0 0.9356 1042 251 1177 321 1 0.4927 296 256 412 347
169 1 0 0.9973 1047 226 1181 339
170 2 0 0.9959 1069 229 1189 333 0 0.4265 244 229 329 348
171 1 0 0.9955 1082 220 1196 333
172 1 0 0.9969 1114 191 1175 304
173 1 0 0.9902 1099 179 1195 306
174 1 0 0.9999 1106 169 1208 305
175 0
176 1 0 0.9982 1128 122 1237 250
177 1 0 0.9296 1158 102 1235 241
178 0
179 0
180 1 0 0.6723 1235 13 1311 146
181 0
182 0
183 0
184 0
185 0
186 0
187 0
188 0
189 0
190 0
191 0
192 0
193 0
194 0
195 0
196 0
197 0
198 0
199 0
200 0
201 0
202 0
203 0
204 0
205 0
206 0
207 0
208 0
209 0
210 0
211 0
212 0
213 0
214 0
215 0
216 0
217 0
218 0
219 0
220 0
