0 0
1 0
2 0
3 0
4 0
5 0
6 0
7 0
8 0
9 0
10 0
11 0
12 0
13 0
14 0
15 0
16 0
17 0
18 0
19 0
20 0
21 0
22 0
23 0
24 0
25 0
26 0
27 0
28 0
29 0
30 0
31 0
32 0
33 0
34 0
35 0
36 0
37 0
38 0
39 0
40 0
41 0
42 0
43 0
44 0
45 0
46 0
47 0
48 0
49 0
50 1 0 0.4604 1042 305 1118 358
51 0
52 1 0 0.4567 1059 295 1129 351
53 0
54 1 0 0.6386 1052 288 1126 349
55 1 1 0.3425 1021 284 1168 344
56 1 1 0.5826 1049 273 1162 329
57 2 0 0.9191 1071 248 1147 330 0 0.8246 1445 242 1549 384
58 2 0 0.8634 1074 247 1161 320 0 0.766 1479 217 1559 363
59 1 0 0.998 1079 248 1175 315
60 1 0 0.7055 1081 248 1179 314
61 2 0 0.9907 1105 220 1181 322 0 0.5079 619 216 681 349
62 1 0 0.9997 1105 200 1186 298
63 1 0 0.9853 1091 195 1213 294
64 1 0 0.9999 1133 178 1209 295
65 1 0 0.8057 1149 114 1209 309
66 1 0 0.9998 1138 121 1257 289
67 1 0 0.9993 1187 80 1245 265
68 1 0 0.998 1151 109 1288 222
69 0
70 0
71 0
72 0
73 0
74 0
75 0
76 0
77 0
78 0
79 0
80 0
81 0
82 0
83 0
84 0
85 0
86 0
87 0
88 0
89 0
90 0
91 0
92 0
93 0
94 0
95 0
96 0
97 0
98 0
99 0
100 0
101 0
102 0
103 0
104 0
