0 1 0 1 900 482 900 482
1 0
2 0
3 0
4 0
5 0
6 0
7 0
8 0
9 0
10 0
11 0
12 0
13 0
14 0
15 0
16 0
17 0
18 0
19 0
20 0
21 0
22 0
23 0
24 0
25 0
26 0
27 0
28 0
29 0
30 0
31 0
32 0
33 0
34 0
35 0
36 0
37 0
38 0
39 0
40 0
41 0
42 0
43 0
44 0
45 0
46 0
47 0
48 0
49 0
50 0
51 0
52 0
53 0
54 0
55 0
56 0
57 0
58 0
59 0
60 0
61 0
62 0
63 0
64 0
65 0
66 0
67 0
68 0
69 0
70 0
71 0
72 0
73 0
74 0
75 0
76 0
77 0
78 0
79 0
80 0
81 0
82 0
83 0
84 0
85 0
86 0
87 0
88 0
89 0
90 1 0 1 1029 282 1060 342
91 1 0 1 1030 276 1062 341
92 1 0 1 1034 269 1066 334
93 1 0 1 1035 265 1069 330
94 1 0 1 1037 258 1072 327
95 1 0 1 1039 250 1076 322
96 1 0 1 1041 244 1080 317
97 1 0 1 1045 235 1085 313
98 1 0 1 1047 227 1091 309
99 1 0 1 1050 219 1094 302
100 1 0 1 1054 207 1099 297
101 1 0 1 1058 196 1106 288
102 1 0 1 1061 185 1111 280
103 1 0 1 1065 171 1117 272
104 1 0 1 1070 158 1124 261
105 1 0 1 1076 142 1132 251
106 1 0 1 1083 124 1141 241
107 1 0 1 1090 104 1152 225
108 1 0 1 1096 83 1165 213
109 1 0 1 1105 57 1175 195
110 1 0 1 1115 28 1192 176
111 1 0 1 1126 0 1207 151
112 1 0 1 1139 0 1229 125
113 0
114 0
115 0
116 0
117 0
118 0
119 0
120 0
121 0
122 0
123 0
124 0
125 0
126 0
127 0
128 0
129 0
130 0
131 0
132 0
133 0
134 0
135 0
136 0
137 0
138 0
139 0
140 0
141 0
142 0
143 0
144 0
145 0
146 0
147 0
148 0
149 0
150 0
151 0
152 0
153 0
154 0
155 0
156 0
157 0
158 0
159 0
160 0
